\begin{tabular}{p{0.5cm}cccc}
 & P & S & Q & PF\\ 
P & 
 $\begin{pmatrix}
     246  &       0  &       0 \\
       0  &     315  &       0 \\
       0  &       0  &     218 
\end{pmatrix}$
 & 
 $\begin{pmatrix}
       0  &     246  &       0 \\
     314  &       0  &       1 \\
       1  &       6  &     211 
\end{pmatrix}$
 & 
 $\begin{pmatrix}
       0  &      73  &     173 \\
     221  &      93  &       1 \\
      12  &     156  &      50 
\end{pmatrix}$
 & 
 $\begin{pmatrix}
     113  &     132  &       1 \\
      35  &     175  &     105 \\
      72  &     143  &       3 
\end{pmatrix}$
\\ 
S & 
 $\begin{pmatrix}
       0  &     314  &       1 \\
     246  &       0  &       6 \\
       0  &       1  &     211 
\end{pmatrix}$
 & 
 $\begin{pmatrix}
     315  &       0  &       0 \\
       0  &     252  &       0 \\
       0  &       0  &     212 
\end{pmatrix}$
 & 
 $\begin{pmatrix}
     222  &      92  &       1 \\
       0  &      74  &     178 \\
      11  &     156  &      45 
\end{pmatrix}$
 & 
 $\begin{pmatrix}
      34  &     176  &     105 \\
     117  &     134  &       1 \\
      69  &     140  &       3 
\end{pmatrix}$
\\ 
Q & 
 $\begin{pmatrix}
       0  &     221  &      12 \\
      73  &      93  &     156 \\
     173  &       1  &      50 
\end{pmatrix}$
 & 
 $\begin{pmatrix}
     222  &       0  &      11 \\
      92  &      74  &     156 \\
       1  &     178  &      45 
\end{pmatrix}$
 & 
 $\begin{pmatrix}
     233  &       0  &       0 \\
       0  &     322  &       0 \\
       0  &       0  &     224 
\end{pmatrix}$
 & 
 $\begin{pmatrix}
      14  &     171  &      48 \\
      58  &     207  &      57 \\
     148  &      72  &       4 
\end{pmatrix}$
\\ 
PF & 
 $\begin{pmatrix}
     113  &      35  &      72 \\
     132  &     175  &     143 \\
       1  &     105  &       3 
\end{pmatrix}$
 & 
 $\begin{pmatrix}
      34  &     117  &      69 \\
     176  &     134  &     140 \\
     105  &       1  &       3 
\end{pmatrix}$
 & 
 $\begin{pmatrix}
      14  &      58  &     148 \\
     171  &     207  &      72 \\
      48  &      57  &       4 
\end{pmatrix}$
 & 
 $\begin{pmatrix}
     220  &       0  &       0 \\
       0  &     450  &       0 \\
       0  &       0  &     109 
\end{pmatrix}$
\\ 
\end{tabular}
