\begin{tabular}{p{0.5cm}cccc}
 & P & S & Q & PF\\ 
P & 
 $\begin{pmatrix}
     218  &       0  &       0 \\
       0  &     315  &       0 \\
       0  &       0  &     246 
\end{pmatrix}$
 & 
 $\begin{pmatrix}
       1  &     211  &       6 \\
     314  &       1  &       0 \\
       0  &       0  &     246 
\end{pmatrix}$
 & 
 $\begin{pmatrix}
      12  &      50  &     156 \\
     221  &       1  &      93 \\
       0  &     173  &      73 
\end{pmatrix}$
 & 
 $\begin{pmatrix}
      73  &       3  &     142 \\
      38  &      98  &     179 \\
     115  &       0  &     131 
\end{pmatrix}$
\\ 
S & 
 $\begin{pmatrix}
       1  &     314  &       0 \\
     211  &       1  &       0 \\
       6  &       0  &     246 
\end{pmatrix}$
 & 
 $\begin{pmatrix}
     315  &       0  &       0 \\
       0  &     212  &       0 \\
       0  &       0  &     252 
\end{pmatrix}$
 & 
 $\begin{pmatrix}
     222  &       1  &      92 \\
      11  &      45  &     156 \\
       0  &     178  &      74 
\end{pmatrix}$
 & 
 $\begin{pmatrix}
      37  &      98  &     180 \\
      70  &       3  &     139 \\
     119  &       0  &     133 
\end{pmatrix}$
\\ 
Q & 
 $\begin{pmatrix}
      12  &     221  &       0 \\
      50  &       1  &     173 \\
     156  &      93  &      73 
\end{pmatrix}$
 & 
 $\begin{pmatrix}
     222  &      11  &       0 \\
       1  &      45  &     178 \\
      92  &     156  &      74 
\end{pmatrix}$
 & 
 $\begin{pmatrix}
     233  &       0  &       0 \\
       0  &     224  &       0 \\
       0  &       0  &     322 
\end{pmatrix}$
 & 
 $\begin{pmatrix}
      15  &      44  &     174 \\
     150  &       3  &      71 \\
      61  &      54  &     207 
\end{pmatrix}$
\\ 
PF & 
 $\begin{pmatrix}
      73  &      38  &     115 \\
       3  &      98  &       0 \\
     142  &     179  &     131 
\end{pmatrix}$
 & 
 $\begin{pmatrix}
      37  &      70  &     119 \\
      98  &       3  &       0 \\
     180  &     139  &     133 
\end{pmatrix}$
 & 
 $\begin{pmatrix}
      15  &     150  &      61 \\
      44  &       3  &      54 \\
     174  &      71  &     207 
\end{pmatrix}$
 & 
 $\begin{pmatrix}
     226  &       0  &       0 \\
       0  &     101  &       0 \\
       0  &       0  &     452 
\end{pmatrix}$
\\ 
\end{tabular}
