\begin{tabular}{p{0.5cm}cccc}
 & P & S & Q & PF\ 
P$\begin{pmatrix}
     417  &       0  &       0 \\
       0  &     330  &       0 \\
       0  &       0  &      32 
\end{pmatrix}$&
$\begin{pmatrix}
     416  &       1  &       0 \\
       0  &     330  &       0 \\
       1  &       0  &      31 
\end{pmatrix}$&
$\begin{pmatrix}
      52  &     353  &      12 \\
     321  &       8  &       1 \\
       0  &       2  &      30 
\end{pmatrix}$&
$\begin{pmatrix}
     265  &       4  &     148 \\
     184  &     105  &      41 \\
       1  &       0  &      31 
\end{pmatrix}$&
\\ 
S$\begin{pmatrix}
     416  &       0  &       1 \\
       1  &     330  &       0 \\
       0  &       0  &      31 
\end{pmatrix}$&
$\begin{pmatrix}
     417  &       0  &       0 \\
       0  &     331  &       0 \\
       0  &       0  &      31 
\end{pmatrix}$&
$\begin{pmatrix}
      51  &     354  &      12 \\
     322  &       8  &       1 \\
       0  &       1  &      30 
\end{pmatrix}$&
$\begin{pmatrix}
     265  &       4  &     148 \\
     185  &     105  &      41 \\
       0  &       0  &      31 
\end{pmatrix}$&
\\ 
Q$\begin{pmatrix}
      52  &     321  &       0 \\
     353  &       8  &       2 \\
      12  &       1  &      30 
\end{pmatrix}$&
$\begin{pmatrix}
      51  &     322  &       0 \\
     354  &       8  &       1 \\
      12  &       1  &      30 
\end{pmatrix}$&
$\begin{pmatrix}
     373  &       0  &       0 \\
       0  &     363  &       0 \\
       0  &       0  &      43 
\end{pmatrix}$&
$\begin{pmatrix}
     230  &     102  &      41 \\
     220  &       7  &     136 \\
       0  &       0  &      43 
\end{pmatrix}$&
\\ 
PF$\begin{pmatrix}
     265  &     184  &       1 \\
       4  &     105  &       0 \\
     148  &      41  &      31 
\end{pmatrix}$&
$\begin{pmatrix}
     265  &     185  &       0 \\
       4  &     105  &       0 \\
     148  &      41  &      31 
\end{pmatrix}$&
$\begin{pmatrix}
     230  &     220  &       0 \\
     102  &       7  &       0 \\
      41  &     136  &      43 
\end{pmatrix}$&
$\begin{pmatrix}
     450  &       0  &       0 \\
       0  &     109  &       0 \\
       0  &       0  &     220 
\end{pmatrix}$&
\\ 
\end{tabular}
